SIZES
  nstack                1703936
  nbuffer               6512
  nplugin               0
  pstack                4
  parena                212
  maxuse_stack          60
  maxuse_arena          692
  maxuse_con            0
  maxuse_efc            1
  solver_iter           0
  solver_nnz            4
  nbodypair_broad       0
  nbodypair_narrow      0
  ngeompair_mid         0
  ngeompair_narrow      0
  ne                    0
  nf                    0
  nefc                  1
  nnzJ                  2
  ncon                  0

ENERGY =   2.1e+04   2.7e-30 

TIME =  2.3     

QPOS
  -1.2e-21 
   7.7e-14 

QVEL
  -1e-21   
   6.6e-14 

QACC_WARMSTART
  -4.5e-22 
   2.9e-14 

QFRC_APPLIED
   0       
   0       

XFRC_APPLIED
   0         0         0         0         0         0       
   0         0         0         0         0         0       
   0         0         0         0         0         0       
   0         0         0         0         0         0       
   0         0         0         0         0         0       

QACC
  -4.5e-22 
   2.9e-14 

XPOS
   0         0         0       
   0         0         0       
   0.0052   -0.26      0.98    
   0.0052    0.46      0.98    
   0.0052    0.46      1       

XQUAT
   1         0         0         0       
   1         0         0         0       
   1         0         0        -6.1e-22 
   1         0         0        -6.1e-22 
   1         3.8e-14  -2.3e-35  -6.1e-22 

XMAT
   1         0         0         0         1         0         0         0         1       
   1         0         0         0         1         0         0         0         1       
   1         1.2e-21   0        -1.2e-21   1        -0        -0         0         1       
   1         1.2e-21   0        -1.2e-21   1        -0        -0         0         1       
   1         1.2e-21  -9.3e-35  -1.2e-21   1        -7.7e-14   0         7.7e-14   1       

XIPOS
   0         0         0       
  -0.018     0.13      0.83    
   0.0052    0.13      0.99    
   0.0052    0.47      0.98    
  -0.057     0.42      1       

XIMAT
   1         0         0         0         1         0         0         0         1       
   1        -0.00017   8.1e-05   8.1e-05  -0.0002   -1         0.00017   1        -0.0002  
   1         0.00012   1.4e-05  -0.00012   1         0.00026  -1.4e-05  -0.00026   1       
   1        -0.0022   -0.0011    0.0024    0.97      0.26      0.00049  -0.26      0.97    
   0.0001   -0.95     -0.31      0.00013   0.31     -0.95      1         5.5e-05   0.00016 

XANCHOR
   0.0052   -0.26      0.98    
   0.0052    0.46      1       

XAXIS
   0         0         1       
   1        -1.2e-21   0       

GEOM_XPOS
   0         0         0       
  -0.018     0.13      0.83    
   0.0052    0.13      0.99    
   0.0052    0.47      0.98    
  -0.057     0.42      1       

GEOM_XMAT
   1         0         0         0         1         0         0         0         1       
   1        -0.00017   8.1e-05   8.1e-05  -0.0002   -1         0.00017   1        -0.0002  
   1         0.00012   1.4e-05  -0.00012   1         0.00026  -1.4e-05  -0.00026   1       
   1        -0.0022   -0.0011    0.0024    0.97      0.26      0.00049  -0.26      0.97    
   0.0001   -0.95     -0.31      0.00013   0.31     -0.95      1         5.5e-05   0.00016 

LIGHT_XPOS
   0         0         5       

LIGHT_XDIR
   0         0        -1       

SUBTREE_COM
  -0.017     0.13      0.83    
  -0.017     0.13      0.83    
   0.005     0.13      0.99    
  -0.012     0.46      0.99    
  -0.057     0.42      1       

CDOF
   0         0         1        -0.39     -0.022     0       
   1        -1.2e-21   0         2.1e-22   0.18     -0.33    

CINERT
   0         0         0         0         0         0         0         0         0         0       
   1.9e+03   8.1e+02   1.2e+03   0.089     0.11     -0.086    -1.2      -0.22     -8.8       2.5e+03 
   20        17        3.3      -0.00069  -0.19     -0.0053    1.2       0.013     8.7       54      
   0.063     0.011     0.053    -0.0034   -0.0015   -0.023     0.01      0.15      0.067     0.45    
   0.021     0.0065    0.016     0.002     0.0012   -0.0088   -0.0069    0.05      0.03      0.17    

CRB
   0         0         0         0         0         0         0         0         0         0       
   1.9e+03   8.3e+02   1.2e+03   0.087    -0.081    -0.12     -3.6e-15   1.7e-14  -6.4e-14   2.5e+03 
   20        17        3.3      -0.0021   -0.19     -0.037     1.2       0.22      8.8       55      
   0.084     0.018     0.069    -0.0014   -0.00029  -0.031     0.0032    0.2       0.097     0.63    
   0.021     0.0065    0.016     0.002     0.0012   -0.0088   -0.0069    0.05      0.03      0.17    

QM
   12        1.9e-07 
   1.9e-07   0.0012  

QLD
   12        0.00016 
   0.00016   0.0012  

QLDIAGINV
   0.084   
   8.2e+02 

QLDIAGSQRTINV
   0.29    
   29      

D_rownnz              2 2

D_rowadr              0 2

D_colind              0 1 0 1

B_rownnz              2 2 2 2 2

B_rowadr              0 2 4 6 8

B_colind              0 1 0 1 0 1 0 1 0 1

QDERIV
   0         0       
   0         0       

QLU
   0         0       
   0         0       

CONTACT
EFC_TYPE
  3

EFC_ID
  0

EFC_J
   1         0       

EFC_POS
  -1.2e-21 

EFC_MARGIN
   0       

EFC_FRICTIONLOSS
   0       

EFC_DIAGAPPROX
   0.084   

EFC_KBIP
   2.8e+03   1.1e+02   0.9      -2.4e-16 

EFC_D
   1.1e+02 

EFC_R
   0.0093  

CVEL
   0         0         0         0         0         0       
   0         0         0         0         0         0       
   0         0        -1e-21     4.1e-22   2.3e-23   0       
   0         0        -1e-21     4.1e-22   2.3e-23   0       
   6.6e-14  -8.1e-35  -1e-21     4.1e-22   1.2e-14  -2.2e-14 

CDOF_DOT
   0         0         0         0         0         0       
  -1.3e-42  -1e-21    -0         1.8e-22  -2.2e-43  -2.3e-23 

QFRC_BIAS
  -1.7e-30 
  -0.059   

QFRC_PASSIVE
   0       
  -0.059   

EFC_VEL
  -1e-21   

EFC_AREF
   3.1e-18 

SUBTREE_LINVEL
   0         0         0       
   0         0         0       
   0         0         0       
   0         0         0       
   0         0         0       

SUBTREE_ANGMOM
   0         0         0       
   0         0         0       
   0         0         0       
   0         0         0       
   0         0         0       

QFRC_ACTUATOR
   0       
   0       

QFRC_SMOOTH
   1.7e-30 
   3.5e-17 

QACC_SMOOTH
  -4.5e-22 
   2.9e-14 

EFC_B
  -3.1e-18 

EFC_FORCE
   3.4e-16 

EFC_STATE
  1

QFRC_CONSTRAINT
   3.4e-16 
   0       

QFRC_INVERSE
  -3.4e-16 
   7.6e-17 

CACC
   0         0         0         0         0         0       
   0         0         0         0         0         0       
   0         0         0         0         0         0       
   0         0         0         0         0         0       
   0         0         0         0         0         0       

CFRC_INT
   0         0         0         0         0         0       
   0         0         0         0         0         0       
   0         0         0         0         0         0       
   0         0         0         0         0         0       
   0         0         0         0         0         0       

CFRC_EXT
   0         0         0         0         0         0       
   0         0         0         0         0         0       
   0         0         0         0         0         0       
   0         0         0         0         0         0       
   0         0         0         0         0         0       

